LINEARIZING F16

	h = 15000 ft
	V = 500 ft
	Wings-Level Flight

High Fi:

	cost   = 7.1856e-06
	thrust = 2109.4129 lb
	elev   = -2.2441 deg
	ail    = -0.093578 deg
	rud    = 0.094469 deg
	alpha  = 4.5307 deg
	dLEF   = 6.2816 deg
	Vel.   = 500ft/s

Low Fi:

	cost   = 4.2881e-29
	thrust = 2120.6214 lb
	elev   = -2.4607 deg
	ail    = 4.2733e-15 deg
	rud    = 3.6479e-14 deg
	alpha  = 4.4655 deg
	dLEF   = 0 deg
	Vel.   = 500ft/s
	
Enter the elevator distrubance deflection           (deg) :  5
Enter the aileron distrubance deflection            (deg) :  0
Enter the rudder distrubance deflection             (deg) :  0

High Fidelity Trimmed Flight Condition:
---------------------------------------
Altitude:        15000.00 ft
Velocity:        500.00 ft/s
AOA (alpha):     0.0791 rad (4.53 deg)
Pitch rate (q):  0.0000 rad/s
Pitch angle:     0.0791 rad (4.53 deg)
Thrust:          2109.41 lbs
Elevator angle:  -2.24 deg

Low Fidelity Trimmed Flight Condition:
--------------------------------------
Altitude:        15000.00 ft
Velocity:        500.00 ft/s
AOA (alpha):     0.0779 rad (4.47 deg)
Pitch rate (q):  0.0000 rad/s
Pitch angle:     0.0779 rad (4.47 deg)
Thrust:          2120.62 lbs
Elevator angle:  -2.46 deg
High Fidelity Model State-Space Matrices:

SYSTEM MATRICES STATE SPACE MODEL

A_hi = 
   1.0e+03 *

  Columns 1 through 13

         0         0         0         0   -0.0000         0    0.0010   -0.0000         0         0         0         0         0
         0         0         0   -0.0395         0    0.5000         0         0    0.5000         0         0         0         0
         0         0         0         0    0.5000         0   -0.0000   -0.5000         0         0         0         0         0
         0         0         0         0         0         0         0         0         0    0.0010         0    0.0001         0
         0         0         0         0         0         0         0         0         0         0    0.0010         0         0
         0         0         0         0         0         0         0         0         0         0         0    0.0010         0
         0         0    0.0000         0   -0.0322         0   -0.0000   -0.0027   -0.0003         0   -0.0012         0    0.0000
         0         0    0.0000         0   -0.0000         0   -0.0000   -0.0007    0.0000         0    0.0009         0   -0.0000
         0         0    0.0000    0.0001         0         0   -0.0000   -0.0000   -0.0002    0.0001         0   -0.0010         0
         0         0   -0.0000         0         0         0    0.0000   -0.0002   -0.0228   -0.0022         0    0.0005         0
         0         0    0.0000         0         0         0   -0.0000   -0.0006   -0.0001         0   -0.0009         0         0
         0         0    0.0000         0         0         0   -0.0000    0.0000    0.0049   -0.0000         0   -0.0003         0
         0         0         0         0         0         0         0         0         0         0         0         0   -0.0010
         0         0         0         0         0         0         0         0         0         0         0         0         0
         0         0         0         0         0         0         0         0         0         0         0         0         0
         0         0         0         0         0         0         0         0         0         0         0         0         0
         0         0   -0.0000         0         0         0   -0.0000    1.1628         0         0         0         0         0
         0         0         0         0         0         0         0   -0.4154         0         0         0         0         0

  Columns 14 through 18

         0         0         0         0         0
         0         0         0         0         0
         0         0         0         0         0
         0         0         0         0         0
         0         0         0         0         0
         0         0         0         0         0
    0.0000         0         0   -0.0000         0
   -0.0000         0         0    0.0000         0
         0    0.0000    0.0000   -0.0000         0
   -0.0000   -0.0004    0.0001   -0.0000         0
   -0.0001         0         0   -0.0000         0
    0.0000   -0.0000   -0.0000    0.0000         0
         0         0         0         0         0
   -0.0202         0         0         0         0
         0   -0.0202         0         0         0
         0         0   -0.0202         0         0
         0         0         0   -0.0074    0.0101
         0         0         0         0   -0.0073

B_hi = 
         0         0         0         0
         0         0         0         0
         0         0         0         0
         0         0         0         0
         0         0         0         0
         0         0         0         0
         0         0         0         0
         0         0         0         0
         0         0         0         0
         0         0         0         0
         0         0         0         0
         0         0         0         0
    1.0000         0         0         0
         0   20.2000         0         0
         0         0   20.2000         0
         0         0         0   20.2000
         0         0         0         0
         0         0         0         0

C_hi = 
  Columns 1 through 13

    1.0000         0         0         0         0         0         0         0         0         0         0         0         0
         0    1.0000         0         0         0         0         0         0         0         0         0         0         0
         0         0    1.0000         0         0         0         0         0         0         0         0         0         0
         0         0         0   57.2958         0         0         0         0         0         0         0         0         0
         0         0         0         0   57.2958         0         0         0         0         0         0         0         0
         0         0         0         0         0   57.2958         0         0         0         0         0         0         0
         0         0         0         0         0         0    1.0000         0         0         0         0         0         0
         0         0         0         0         0         0         0   57.2958         0         0         0         0         0
         0         0         0         0         0         0         0         0   57.2958         0         0         0         0
         0         0         0         0         0         0         0         0         0   57.2958         0         0         0
         0         0         0         0         0         0         0         0         0         0   57.2958         0         0
         0         0         0         0         0         0         0         0         0         0         0   57.2958         0
         0         0    0.0000         0    0.0001         0   -0.0001    0.7471   -0.0004         0    0.0379         0    0.0000
         0         0    0.0000   -0.0001         0         0   -0.0001   -0.1318   -2.9035    0.0073         0    0.0785         0
         0         0   -0.0000         0   -0.0000         0    0.0040   10.4809   -0.0592         0    0.9453         0         0
         0         0    0.0000         0         0         0    0.0009         0         0         0         0         0         0
         0         0   -0.0061         0         0         0    0.7493         0         0         0         0         0         0
         0         0   -0.0482         0         0         0         0         0         0         0         0         0         0

  Columns 14 through 18

         0         0         0         0         0
         0         0         0         0         0
         0         0         0         0         0
         0         0         0         0         0
         0         0         0         0         0
         0         0         0         0         0
         0         0         0         0         0
         0         0         0         0         0
         0         0         0         0         0
         0         0         0         0         0
         0         0         0         0         0
         0         0         0         0         0
    0.0030         0         0   -0.0006         0
         0    0.0031    0.0084   -0.0003         0
    0.0222         0         0   -0.0068         0
         0         0         0         0         0
         0         0         0         0         0
         0         0         0         0         0

D_hi = 
     0     0     0     0
     0     0     0     0
     0     0     0     0
     0     0     0     0
     0     0     0     0
     0     0     0     0
     0     0     0     0
     0     0     0     0
     0     0     0     0
     0     0     0     0
     0     0     0     0
     0     0     0     0
     0     0     0     0
     0     0     0     0
     0     0     0     0
     0     0     0     0
     0     0     0     0
     0     0     0     0

Low Fidelity Model State-Space Matrices:
A_lo = 
   1.0e+03 *

  Columns 1 through 13

         0         0         0         0         0         0    0.0010    0.0000         0         0         0         0         0
         0         0         0   -0.0389         0    0.5000         0         0    0.5000         0         0         0         0
         0         0         0         0    0.5000         0         0   -0.5000         0         0         0         0         0
         0         0         0         0         0         0         0         0         0    0.0010         0    0.0001         0
         0         0         0         0         0         0         0         0         0         0    0.0010         0         0
         0         0         0         0         0         0         0         0         0         0         0    0.0010         0
         0         0    0.0000         0   -0.0322         0   -0.0000   -0.0073    0.0000         0   -0.0012         0    0.0000
         0         0    0.0000         0   -0.0000         0   -0.0000   -0.0006         0         0    0.0009         0   -0.0000
         0         0   -0.0000    0.0001         0         0    0.0000         0   -0.0002    0.0001         0   -0.0010         0
         0         0   -0.0000         0         0         0    0.0000   -0.0000   -0.0229   -0.0023         0    0.0005         0
         0         0    0.0000         0         0         0   -0.0000   -0.0016         0         0   -0.0009         0         0
         0         0    0.0000         0         0         0   -0.0000    0.0000    0.0060   -0.0000         0   -0.0003         0
         0         0         0         0         0         0         0         0         0         0         0         0   -0.0010
         0         0         0         0         0         0         0         0         0         0         0         0         0
         0         0         0         0         0         0         0         0         0         0         0         0         0
         0         0         0         0         0         0         0         0         0         0         0         0         0
         0         0   -0.0000         0         0         0   -0.0000    1.1628         0         0         0         0         0
         0         0         0         0         0         0         0   -0.4154         0         0         0         0         0

  Columns 14 through 18

         0         0         0         0         0
         0         0         0         0         0
         0         0         0         0         0
         0         0         0         0         0
         0         0         0         0         0
         0         0         0         0         0
    0.0001         0         0         0         0
   -0.0000         0         0         0         0
         0    0.0000    0.0000         0         0
         0   -0.0005    0.0001         0         0
   -0.0001         0         0         0         0
         0   -0.0000   -0.0000         0         0
         0         0         0         0         0
   -0.0202         0         0         0         0
         0   -0.0202         0         0         0
         0         0   -0.0202         0         0
         0         0         0   -0.0074    0.0101
         0         0         0         0   -0.0073

B_lo = 
         0         0         0         0
         0         0         0         0
         0         0         0         0
         0         0         0         0
         0         0         0         0
         0         0         0         0
         0         0         0         0
         0         0         0         0
         0         0         0         0
         0         0         0         0
         0         0         0         0
         0         0         0         0
    1.0000         0         0         0
         0   20.2000         0         0
         0         0   20.2000         0
         0         0         0   20.2000
         0         0         0         0
         0         0         0         0

C_lo = 
  Columns 1 through 13

    1.0000         0         0         0         0         0         0         0         0         0         0         0         0
         0    1.0000         0         0         0         0         0         0         0         0         0         0         0
         0         0    1.0000         0         0         0         0         0         0         0         0         0         0
         0         0         0   57.2958         0         0         0         0         0         0         0         0         0
         0         0         0         0   57.2958         0         0         0         0         0         0         0         0
         0         0         0         0         0   57.2958         0         0         0         0         0         0         0
         0         0         0         0         0         0    1.0000         0         0         0         0         0         0
         0         0         0         0         0         0         0   57.2958         0         0         0         0         0
         0         0         0         0         0         0         0         0   57.2958         0         0         0         0
         0         0         0         0         0         0         0         0         0   57.2958         0         0         0
         0         0         0         0         0         0         0         0         0         0   57.2958         0         0
         0         0         0         0         0         0         0         0         0         0         0   57.2958         0
         0         0    0.0000         0    0.0001         0   -0.0001    0.5471         0         0    0.0382         0    0.0000
         0         0   -0.0000   -0.0001         0         0    0.0000         0   -3.1423    0.0064         0    0.0781         0
         0         0   -0.0000         0   -0.0000         0    0.0040    9.9298         0         0    0.9664         0         0
         0         0    0.0000         0         0         0    0.0009         0         0         0         0         0         0
         0         0   -0.0061         0         0         0    0.7493         0         0         0         0         0         0
         0         0   -0.0482         0         0         0         0         0         0         0         0         0         0

  Columns 14 through 18

         0         0         0         0         0
         0         0         0         0         0
         0         0         0         0         0
         0         0         0         0         0
         0         0         0         0         0
         0         0         0         0         0
         0         0         0         0         0
         0         0         0         0         0
         0         0         0         0         0
         0         0         0         0         0
         0         0         0         0         0
         0         0         0         0         0
    0.0039         0         0         0         0
         0    0.0027    0.0079         0         0
    0.0208         0         0         0         0
         0         0         0         0         0
         0         0         0         0         0
         0         0         0         0         0

D_lo = 
     0     0     0     0
     0     0     0     0
     0     0     0     0
     0     0     0     0
     0     0     0     0
     0     0     0     0
     0     0     0     0
     0     0     0     0
     0     0     0     0
     0     0     0     0
     0     0     0     0
     0     0     0     0
     0     0     0     0
     0     0     0     0
     0     0     0     0
     0     0     0     0
     0     0     0     0
     0     0     0     0